100
3 1 5 15 13 11
3 0 8 23 22 21
3 0 10 14 28 28
3 0 6 16 27 16
3 0 2 8 29 19
1 0 10 26
2 1 0 23 19
3 0 7 17 22 26
1 0 10 26
1 1 7 5
1 0 10 13
1 1 7 6
2 0 7 28 17
3 1 9 24 24 29
1 1 0 11
1 0 6 7
2 0 5 12 1
3 0 4 1 20 17
3 1 9 1 24 17
1 0 10 30
3 1 7 16 18 17
3 1 4 8 9 30
3 3 10 12 21 17
3 3 3 25 25 7
3 0 1 2 25 27
1 0 1 5
3 0 2 11 9 4
3 3 5 10 28 15
3 0 3 4 29 19
1 1 1 25
3 1 6 14 15 5
1 0 7 17
3 0 1 2 20 0
1 1 10 17
1 0 2 2
1 1 3 4
2 0 3 0 8
1 0 10 18
2 1 7 17 17
3 1 0 18 27 25
2 2 9 18 14
3 0 7 18 15 7
3 0 2 3 2 3
1 0 1 0
3 0 2 3 2 21
1 0 5 12
3 0 8 21 7 20
1 1 0 23
2 1 1 15 0
3 0 6 16 13 24
2 2 7 7 24
3 3 4 26 19 5
2 2 9 20 18
3 1 4 9 30 8
1 1 3 10
1 1 0 21
1 1 0 25
1 0 3 22
3 0 10 5 29 11
1 0 1 4
3 0 7 16 17 18
3 3 2 5 21 3
1 0 9 23
3 1 10 26 26 26
3 0 6 14 15 8
3 0 2 0 10 10
2 0 7 27 17
3 0 9 19 21 11
1 0 3 24
2 0 3 5 6
2 2 9 23 11
2 0 8 24 14
2 0 5 28 8
2 0 9 9 23
3 0 2 27 21 21
2 2 7 4 12
1 0 4 8
3 3 9 18 18 8
3 0 2 15 13 14
3 0 0 0 0 0
1 1 6 21
1 1 6 26
3 0 7 27 6 25
3 1 10 26 26 27
3 0 7 9 5 23
2 2 4 15 28
2 0 0 30 30
3 1 5 11 12 11
1 0 4 11
3 0 2 3 3 2
3 0 3 23 6 22
2 1 9 19 8
3 0 0 22 3 0
1 0 9 5
2 1 7 18 18
3 0 10 1 1 10
1 0 6 14
2 0 3 2 12
2 0 8 21 20
1 0 6 6
